
permutations {
   2 3 4 5 6 7 0 1
   1 3 4 5 6 7 0 2
   1 2 4 5 6 7 0 3
   1 2 3 5 6 7 0 4
   1 2 3 4 6 7 0 5
   1 2 3 4 5 7 0 6
   1 2 3 4 5 6 0 7
   0 3 4 5 6 7 1 2
   0 2 4 5 6 7 1 3
   0 2 3 5 6 7 1 4
   0 2 3 4 6 7 1 5
   0 2 3 4 5 7 1 6
   0 2 3 4 5 6 1 7
   0 1 4 5 6 7 2 3
   0 1 3 5 6 7 2 4
   0 1 3 4 6 7 2 5
   0 1 3 4 5 7 2 6
   0 1 3 4 5 6 2 7
   0 1 2 5 6 7 3 4
   0 1 2 4 6 7 3 5
   0 1 2 4 5 7 3 6
   0 1 2 4 5 6 3 7
   0 1 2 3 6 7 4 5
   0 1 2 3 5 7 4 6
   0 1 2 3 5 6 4 7
   0 1 2 3 4 7 5 6
   0 1 2 3 4 6 5 7
   0 1 2 3 4 5 6 7
}
